0.8688088677998195 0.3944365525822592 0.030177137520975394 0.1413550207923423 0.9301467889240417 0.9625514268054629 0.4242588925016598 0.03690169659997833 0.9740780335238438 0.2761511024373233 0.48101686157515466 0.25424029507927914 0.5869050073949925 0.10430828452907182 0.6769097218343916 0.7770547170911957 0.24925273694192862 0.9042765068209733 0.9179167120024764 0.1735980376746935
0.09017337373653722 0.19723107408395446 0.07689534028806244 0.3421926964891223 0.8324592399967637 0.5155672331535018 0.7304638006773652 0.9905343047111084 0.3249475534414834 0.6820396450829433 0.253397862513116 0.8908219653515617 0.6523253005274425 0.1273169139096484 0.2888831327243785 0.7896519133285825 0.18891999710275975 0.930063633171068 0.7545654645205517 0.21977492138436816
0.12018870711851948 0.2724514359288964 0.9671936192482189 0.3602330464056609 0.8940936981265724 0.044039996868277975 0.17274986919229363 0.5220539441889867 0.7842804489098939 0.3982573906222481 0.7543160136796939 0.7985962702821845 0.24794926049788424 0.1682488642013653 0.6565235834611225 0.9128029610702318 0.04353956973332529 0.1826518769245019 0.11328858896366278 0.3180338204185642
0.13682136670177636 0.6868939585082382 0.5946331458331153 0.16481233444704357 0.26871550796913846 0.2719001294035044 0.9987470321913965 0.8327360865450196 0.6841410525539178 0.9396339361276324 0.5070447807612722 0.34496413094223477 0.928414144474479 0.19368722414572048 0.19282476878416055 0.1321088020681025 0.8061998119884773 0.33317094261031377 0.4282384577729529 0.29302316702248554
0.5677442465957682 0.4494499101465025 0.3696299469612878 0.7118898767385847 0.1380921844258669 0.9778023550864096 0.3179067593103858 0.1341808242093755 0.7372200314278176 0.03987494548427051 0.5484552722478102 0.5784715040078992 0.5524924677890353 0.22784238250337085 0.28421484575951295 0.26675734910767224 0.219576305364254 0.9274703808877555 0.8458770941182692 0.5928343256150235
0.7439224258575404 0.7548193647093336 0.6547776310537904 0.5164691916874141 0.152152685412678 0.19011558137965245 0.6868997780695806 0.17049951579899236 0.6011658788972809 0.03235528563418966 0.18051056908691865 0.3986674621444537 0.8925026664152101 0.8694966893761545 0.8853018918794455 0.4039051727981563 0.34048653216505154 0.3616336172146143 0.9075101568705398 0.6799539480172917
0.7248841663077198 0.7683335210913921 0.25334021699144094 0.9236134090225954 0.6223051621938016 0.816361897556655 0.5021205174179735 0.6805807197308029 0.7552876339333554 0.7003042047454754 0.6509678679141198 0.06475414758119558 0.12399274642576152 0.7361350184210976 0.06434223534525463 0.009039639584813464 0.5926580162675441 0.9465738578989699 0.6347229254560284 0.15511200909921607
0.2914353506255105 0.6471057670862417 0.7147397262141574 0.6702482419423886 0.6639668260322727 0.9228335602584387 0.11644363571597238 0.9912624827723681 0.24202739689305308 0.738868739234337 0.4900034988729841 0.7387379047550154 0.26079055440275356 0.3107556436043991 0.6919666924091454 0.8191637730438164 0.04174929807233296 0.2764638624425071 0.33232322674135417 0.03825068332199366
0.6650516027290609 0.15777200967174332 0.5499643787769721 0.38561032958560926 0.8289858355060915 0.5764057288807967 0.2077283672743806 0.5191512256101186 0.9515782685484867 0.6990812219624895 0.12107743683856775 0.8769545488284928 0.5077416012086251 0.42564519286500835 0.6385520592879572 0.27505980475484326 0.3151395798315896 0.9057909407598809 0.8774993880775995 0.8115027068756829
0.9829095610323846 0.07236924560244995 0.18517510443576735 0.39011276140913287 0.01961165429871592 0.013101961413760854 0.9431688678486504 0.20199150028584067 0.1602490822517112 0.1675454961183871 0.6622056358598668 0.05825668213384105 0.31693154911332444 0.5324397173610849 0.42472603287299515 0.5545514855288225 0.18372971310765285 0.28611768048325503 0.12425137716300172 0.6659825096382751
0.9334950617220519 0.5014401561520083 0.6233895072503425 0.5205633689163568 0.6328970353854119 0.9067581334476547 0.9064402511867043 0.779905844009554 0.9716545440054007 0.975695604076254 0.5379098294989053 0.26781381779083013 0.6529166018968854 0.979083756363893 0.2548458617637175 0.23059968289348876 0.3239730191456339 0.016167222186389663 0.31875594800673956 0.8873568118295584
0.23995231719275412 0.45724149745748144 0.3319739730072414 0.73408585231501 0.9478911327623322 0.676170228106268 0.583690794461939 0.4024866464541822 0.15453572786199632 0.42876984107444893 0.6324662783375541 0.7423913835514537 0.5984626391263344 0.7418380915404865 0.7548923410835948 0.19622922560075173 0.18558214115902782 0.7176423294184625 0.09417766576488407 0.46457606539498497
0.8668151402670307 0.22997201943414913 0.8277761935728484 0.9237575248721407 0.7377098967553118 0.0903995314472279 0.43978342809128224 0.24963746447037716 0.62199229287379 0.8971819014458877 0.23167617776001292 0.2261376760638406 0.9645194330619604 0.44427557929970907 0.5340722743730818 0.7726996205926832 0.20383335889088328 0.26422505403516394 0.6925392177362498 0.8118117999539345
0.9204876310045618 0.6062256049672532 0.7920817924723684 0.715891672578112 0.9645467691921014 0.9094489263762303 0.25779027054177917 0.722224030897721 0.45413447157752596 0.6217603093388682 0.9232324351058886 0.8853227183501977 0.006633717795461402 0.03524409894919034 0.8935243230042701 0.8479957781614 0.8151177806318302 0.6624940037843212 0.5466161502285952 0.9555590678970237
0.21481823993736127 0.5614137454711173 0.31418099973254965 0.012056525974261878 0.19791249372642328 0.9313120360303392 0.46259625715148056 0.28301018547100976 0.9296396499055445 0.24936588156709028 0.9548584674843128 0.1861364780041096 0.6947305497733008 0.1940643353743502 0.6158744582628974 0.47962965095037935 0.8603639782147526 0.6110346229981716 0.24642278840999932 0.6570273556859383
0.3803378537570904 0.8166910411451124 0.03518143129082563 0.6883371908846542 0.08487058949822968 0.6064366799886367 0.60356878899333 0.20901733573363623 0.5014244992155428 0.436686390661124 0.28474718254792897 0.7515682507043238 0.23416988309147657 0.3837692881177389 0.7859889622691199 0.6389067119362113 0.9931842809798394 0.6478073148839004 0.2127074943381494 0.7143572405734253
0.2092089058819342 0.5659560779898016 0.5428064626882769 0.17001031872237338 0.795760113544203 0.3269329850722352 0.03160259481262084 0.3533606655948608 0.02762056333415286 0.837546733970632 0.7004285994518971 0.5815529812200113 0.6932113483108198 0.4819813637537629 0.016124435607712817 0.6732265336175054 0.6480730123949691 0.8358770708639208 0.10397685043146077 0.11986430496587497
0.6476593443092394 0.749789174683291 0.35326857889311547 0.5617160650904217 0.869875495882953 0.6003954756731682 0.07244992915691106 0.5077791072449055 0.8512673973949701 0.9228615611710573 0.930047459142388 0.04498435898355335 0.6554966134707798 0.08406229116873631 0.277775874835556 0.618649572246526 0.9687115687909492 0.13389752707541658 0.09392049226265897 0.8344256294382792
0.4736515794374322 0.4807279617456991 0.2079096904329928 0.6313754841713984 0.29279836151441463 0.5769975714041392 0.6710981028697053 0.10649000244333018 0.5106144101448221 0.3723966598531212 0.6241325956365458 0.732858776938153 0.7858857035964714 0.894459752379862 0.7778753435107738 0.7068774648477075 0.847411732976772 0.9502812060298553 0.6727090546539658 0.6842886875683702
0.22976326859326446 0.6080701672307773 0.2101515433220218 0.22051567933462124 0.9505538691222987 0.813556038080393 0.5610581895602657 0.8176637742510625 0.9566486891536006 0.2237945976521617 0.4462923379257754 0.598727682351183 0.07395999369984974 0.09971378165553835 0.9585954485727988 0.27895685519693825 0.8839556270867035 0.888777106034156 0.5484901231737102 0.28499576883593924
